[gd_scene load_steps=13 format=2]

[ext_resource path="res://uploads_files_3239652_nylan.obj" type="ArrayMesh" id=1]
[ext_resource path="res://player/PlayerAnimations.tscn" type="PackedScene" id=3]

[sub_resource type="AnimationNodeAdd2" id=30]

[sub_resource type="AnimationNodeAnimation" id=22]
animation = "running-loop"

[sub_resource type="AnimationNodeAnimation" id=23]
animation = "running-back-loop"

[sub_resource type="AnimationNodeAnimation" id=24]
animation = "idle-loop"

[sub_resource type="AnimationNodeBlendSpace1D" id=25]
blend_point_0/node = SubResource( 22 )
blend_point_0/pos = 1.0
blend_point_1/node = SubResource( 23 )
blend_point_1/pos = -1.0
blend_point_2/node = SubResource( 24 )
blend_point_2/pos = 0.0

[sub_resource type="AnimationNodeAnimation" id=26]
animation = "left strafe-loop"

[sub_resource type="AnimationNodeAnimation" id=27]
animation = "right strafe-loop"

[sub_resource type="AnimationNodeAnimation" id=28]
animation = "idle-loop"

[sub_resource type="AnimationNodeBlendSpace1D" id=29]
blend_point_0/node = SubResource( 26 )
blend_point_0/pos = -1.0
blend_point_1/node = SubResource( 27 )
blend_point_1/pos = 1.0
blend_point_2/node = SubResource( 28 )
blend_point_2/pos = 0.0

[sub_resource type="AnimationNodeBlendTree" id=13]
graph_offset = Vector2( -800.415, 192.383 )
nodes/Combined/node = SubResource( 30 )
nodes/Combined/position = Vector2( 0, 220 )
nodes/output/position = Vector2( 430, 230 )
nodes/run/node = SubResource( 25 )
nodes/run/position = Vector2( -430, 180 )
nodes/strafe/node = SubResource( 29 )
nodes/strafe/position = Vector2( -430, 300 )
node_connections = [ "output", 0, "Combined", "Combined", 0, "run", "Combined", 1, "strafe" ]

[node name="character" type="Spatial"]
transform = Transform( 0.5, 0, 0, 0, 0.5, 0, 0, 0, 0.5, 0, 0, 0 )

[node name="Armature" type="Spatial" parent="."]
transform = Transform( 1, 0, 0, 0, 0, -1, 0, 1, 0, 0, 0, 0 )

[node name="Skeleton" type="Skeleton" parent="Armature"]
bones/0/name = "RootMotion"
bones/0/parent = -1
bones/0/rest = Transform( 1, 0, 0, 0, 1.78814e-07, 1, 0, -1, 1.78814e-07, 0, 0.0230527, -0.0279901 )
bones/0/enabled = true
bones/0/bound_children = [  ]
bones/1/name = "Hips"
bones/1/parent = 0
bones/1/rest = Transform( 0.986464, 0.144724, -0.077099, -0.155576, 0.974593, -0.161137, 0.0518197, 0.170951, 0.983916, 0.00170358, 0.903748, 0.000607659 )
bones/1/enabled = true
bones/1/bound_children = [  ]
bones/2/name = "Spine"
bones/2/parent = 1
bones/2/rest = Transform( 0.99388, -0.0970421, 0.0527779, 0.0936415, 0.99358, 0.0634851, -0.0585998, -0.0581544, 0.996586, 0, 0.0814949, -0.00832986 )
bones/2/enabled = true
bones/2/bound_children = [  ]
bones/3/name = "Spine1"
bones/3/parent = 2
bones/3/rest = Transform( 0.999644, -0.0235581, -0.0125316, 0.0215225, 0.989456, -0.143226, 0.0157736, 0.142905, 0.989611, -3.72529e-09, 0.0955732, 3.25963e-09 )
bones/3/enabled = true
bones/3/bound_children = [  ]
bones/4/name = "Spine2"
bones/4/parent = 3
bones/4/rest = Transform( 0.994735, -0.0998434, -0.0230997, 0.0973441, 0.991027, -0.0915976, 0.0320378, 0.0888667, 0.995528, 0, 0.109227, 8.84756e-09 )
bones/4/enabled = true
bones/4/bound_children = [  ]
bones/5/name = "Neck"
bones/5/parent = 4
bones/5/rest = Transform( 0.997365, 0.068509, 0.0238692, -0.0701945, 0.994407, 0.0789164, -0.0183292, -0.0803839, 0.996595, 0, 0.12288, 1.86265e-09 )
bones/5/enabled = true
bones/5/bound_children = [  ]
bones/6/name = "Head"
bones/6/parent = 5
bones/6/rest = Transform( 0.997838, -0.0316722, 0.0575887, 0.00921058, 0.934967, 0.354614, -0.065075, -0.353317, 0.933237, -9.31323e-10, 0.0579551, 0.0124718 )
bones/6/enabled = true
bones/6/bound_children = [  ]
bones/7/name = "HeadTop_End"
bones/7/parent = 6
bones/7/rest = Transform( 1, -5.23869e-10, -9.31323e-10, 5.23869e-10, 1, -7.45058e-09, 9.31323e-10, 7.45058e-09, 1, -7.45058e-09, 0.211507, 0.0455158 )
bones/7/enabled = true
bones/7/bound_children = [  ]
bones/8/name = "LeftShoulder"
bones/8/parent = 4
bones/8/rest = Transform( 0.118328, 0.857889, -0.500024, -0.0226623, -0.501098, -0.865094, -0.992716, 0.113697, -0.0398524, 0.0386426, 0.112893, -0.00105526 )
bones/8/enabled = true
bones/8/bound_children = [  ]
bones/9/name = "LeftArm"
bones/9/parent = 8
bones/9/rest = Transform( 0.816255, 0.576589, -0.035671, -0.408186, 0.531956, -0.741894, -0.408793, 0.620136, 0.669567, 1.35105e-08, 0.0790179, 1.62504e-07 )
bones/9/enabled = true
bones/9/bound_children = [  ]
bones/10/name = "LeftForeArm"
bones/10/parent = 9
bones/10/rest = Transform( 0.110434, -0.989203, 0.096345, 0.993295, 0.106513, -0.0449418, 0.0341946, 0.100662, 0.994333, 4.28754e-08, 0.270951, -1.31956e-07 )
bones/10/enabled = true
bones/10/bound_children = [  ]
bones/11/name = "LeftHand"
bones/11/parent = 10
bones/11/rest = Transform( 0.925317, -0.0677166, 0.373098, 0.0819685, 0.996382, -0.0224481, -0.370228, 0.0513539, 0.92752, 1.40629e-09, 0.257185, -1.0372e-07 )
bones/11/enabled = true
bones/11/bound_children = [  ]
bones/12/name = "LeftHandThumb1"
bones/12/parent = 11
bones/12/rest = Transform( 0.75891, -0.526514, 0.383195, 0.589013, 0.805957, -0.0591356, -0.277703, 0.270585, 0.921773, -0.0250881, 0.0331167, 0.0138302 )
bones/12/enabled = true
bones/12/bound_children = [  ]
bones/13/name = "LeftHandThumb2"
bones/13/parent = 12
bones/13/rest = Transform( 0.945329, 0.325833, -0.0136472, -0.326062, 0.945114, -0.0210451, 0.00604095, 0.0243444, 0.999685, 0.00053627, 0.0350259, -4.6513e-07 )
bones/13/enabled = true
bones/13/bound_children = [  ]
bones/14/name = "LeftHandThumb3"
bones/14/parent = 13
bones/14/rest = Transform( 0.990082, -0.140486, 0.00129936, 0.138889, 0.980138, 0.141563, -0.0211611, -0.139978, 0.989928, -0.00136907, 0.0324246, 3.85112e-07 )
bones/14/enabled = true
bones/14/bound_children = [  ]
bones/15/name = "LeftHandThumb4"
bones/15/parent = 14
bones/15/rest = Transform( 1, -1.67731e-06, -9.30917e-09, 1.67731e-06, 1, -4.83543e-06, 9.31728e-09, 4.83543e-06, 1, 0.000835247, 0.0251788, -5.96513e-06 )
bones/15/enabled = true
bones/15/bound_children = [  ]
bones/16/name = "LeftHandIndex1"
bones/16/parent = 11
bones/16/rest = Transform( 0.987018, 0.118165, -0.108778, -0.111958, 0.0205936, -0.9935, -0.115157, 0.992781, 0.0335557, -0.0262713, 0.0947449, -0.00132127 )
bones/16/enabled = true
bones/16/bound_children = [  ]
bones/17/name = "LeftHandIndex2"
bones/17/parent = 16
bones/17/rest = Transform( 0.991724, 0.101188, -0.0790251, -0.112355, 0.386124, -0.915579, -0.0621319, 0.91688, 0.394297, 1.68746e-05, 0.0238151, 2.32803e-07 )
bones/17/enabled = true
bones/17/bound_children = [  ]
bones/18/name = "LeftHandIndex3"
bones/18/parent = 17
bones/18/rest = Transform( 0.995646, 0.0828617, -0.0427052, -0.0740037, 0.424014, -0.902627, -0.0566856, 0.901857, 0.4283, 3.39663e-05, 0.0226906, 2.59275e-08 )
bones/18/enabled = true
bones/18/bound_children = [  ]
bones/19/name = "LeftHandIndex4"
bones/19/parent = 18
bones/19/rest = Transform( 1, -2.3155e-07, 4.85685e-07, 2.3155e-07, 1, -3.50294e-07, -4.85685e-07, 3.50294e-07, 1, -5.14798e-05, 0.0208335, 3.83658e-06 )
bones/19/enabled = true
bones/19/bound_children = [  ]
bones/20/name = "LeftHandMiddle1"
bones/20/parent = 11
bones/20/rest = Transform( 0.966382, 0.116593, -0.229155, -0.231019, 0.00255066, -0.972946, -0.112854, 0.993177, 0.0294001, -0.00920622, 0.0933252, 0.000168335 )
bones/20/enabled = true
bones/20/bound_children = [  ]
bones/21/name = "LeftHandMiddle2"
bones/21/parent = 20
bones/21/rest = Transform( 0.993743, 0.0946747, -0.0592605, -0.0973633, 0.474287, -0.87497, -0.054731, 0.875265, 0.480537, 1.49664e-05, 0.0297246, -1.37354e-07 )
bones/21/enabled = true
bones/21/bound_children = [  ]
bones/22/name = "LeftHandMiddle3"
bones/22/parent = 21
bones/22/rest = Transform( 0.994329, 0.09267, -0.0521814, -0.0961855, 0.574256, -0.813006, -0.0453758, 0.813414, 0.579912, -2.46875e-05, 0.0275895, -5.79983e-09 )
bones/22/enabled = true
bones/22/bound_children = [  ]
bones/23/name = "LeftHandMiddle4"
bones/23/parent = 22
bones/23/rest = Transform( 1, 5.62286e-08, -1.67638e-08, -5.62286e-08, 1, -7.56699e-09, 1.67638e-08, 7.567e-09, 1, 1.01086e-05, 0.0257308, 2.20767e-05 )
bones/23/enabled = true
bones/23/bound_children = [  ]
bones/24/name = "LeftHandRing1"
bones/24/parent = 11
bones/24/rest = Transform( 0.961866, 0.100662, -0.254326, -0.256279, 0.00675809, -0.966579, -0.0955795, 0.994898, 0.0322981, 0.00998896, 0.0931192, 0.000413839 )
bones/24/enabled = true
bones/24/bound_children = [  ]
bones/25/name = "LeftHandRing2"
bones/25/parent = 24
bones/25/rest = Transform( 0.992672, 0.104755, -0.0602359, -0.09426, 0.359359, -0.928427, -0.0756112, 0.927301, 0.3666, 2.02986e-05, 0.0243162, -3.48346e-09 )
bones/25/enabled = true
bones/25/bound_children = [  ]
bones/26/name = "LeftHandRing3"
bones/26/parent = 25
bones/26/rest = Transform( 0.993634, 0.101215, -0.0494554, -0.0808292, 0.33478, -0.938823, -0.0784665, 0.936845, 0.34083, 5.07524e-06, 0.0224512, -1.05292e-07 )
bones/26/enabled = true
bones/26/bound_children = [  ]
bones/27/name = "LeftHandRing4"
bones/27/parent = 26
bones/27/rest = Transform( 1, -1.47731e-07, 2.63104e-08, 1.47731e-07, 1, -5.70866e-06, -2.63095e-08, 5.70866e-06, 1, -2.50447e-05, 0.020744, 5.16309e-06 )
bones/27/enabled = true
bones/27/bound_children = [  ]
bones/28/name = "LeftHandPinky1"
bones/28/parent = 11
bones/28/rest = Transform( 0.942989, 0.0750068, -0.324263, -0.30054, -0.22669, -0.926438, -0.142996, 0.971075, -0.191223, 0.0254887, 0.075622, -0.00152123 )
bones/28/enabled = true
bones/28/bound_children = [  ]
bones/29/name = "LeftHandPinky2"
bones/29/parent = 28
bones/29/rest = Transform( 0.993131, 0.0936763, -0.0701095, -0.0996403, 0.362981, -0.926454, -0.0613383, 0.927076, 0.369822, 1.9474e-06, 0.0235829, -1.60522e-07 )
bones/29/enabled = true
bones/29/bound_children = [  ]
bones/30/name = "LeftHandPinky3"
bones/30/parent = 29
bones/30/rest = Transform( 0.992709, 0.1041, -0.0607589, -0.10826, 0.54844, -0.829152, -0.0529924, 0.829685, 0.555711, -7.03987e-06, 0.0192365, 1.8924e-07 )
bones/30/enabled = true
bones/30/bound_children = [  ]
bones/31/name = "LeftHandPinky4"
bones/31/parent = 30
bones/31/rest = Transform( 1, -7.567e-09, 1.34576e-07, 7.567e-09, 1, -5.35511e-09, -1.34576e-07, 5.35511e-09, 1, 5.83846e-06, 0.0184755, -1.57603e-05 )
bones/31/enabled = true
bones/31/bound_children = [  ]
bones/32/name = "RightShoulder"
bones/32/parent = 4
bones/32/rest = Transform( 0.159615, -0.890275, 0.426538, 0.0912498, -0.416922, -0.90435, 0.982953, 0.183269, 0.0146905, -0.0386425, 0.112885, -0.000987155 )
bones/32/enabled = true
bones/32/bound_children = [  ]
bones/33/name = "RightArm"
bones/33/parent = 32
bones/33/rest = Transform( 0.925989, 0.242401, -0.289459, -0.354334, 0.822662, -0.444607, 0.130353, 0.514266, 0.847667, -5.12028e-09, 0.0790179, -5.80023e-08 )
bones/33/enabled = true
bones/33/bound_children = [  ]
bones/34/name = "RightForeArm"
bones/34/parent = 33
bones/34/rest = Transform( 0.109436, 0.989375, -0.0957135, -0.99342, 0.105594, -0.0443442, -0.0337663, 0.0999365, 0.994421, -1.427e-08, 0.27095, 2.64234e-08 )
bones/34/enabled = true
bones/34/bound_children = [  ]
bones/35/name = "RightHand"
bones/35/parent = 34
bones/35/rest = Transform( 0.968973, 0.219951, 0.112748, -0.246973, 0.87961, 0.406559, -0.00975106, -0.421791, 0.90664, -4.33025e-08, 0.257194, -2.27976e-07 )
bones/35/enabled = true
bones/35/bound_children = [  ]
bones/36/name = "RightHandThumb1"
bones/36/parent = 35
bones/36/rest = Transform( 0.863709, 0.453418, -0.220045, -0.485732, 0.865344, -0.123468, 0.134432, 0.213523, 0.967645, 0.0248484, 0.0333638, 0.0144658 )
bones/36/enabled = true
bones/36/bound_children = [  ]
bones/37/name = "RightHandThumb2"
bones/37/parent = 36
bones/37/rest = Transform( 0.91778, -0.384556, 0.0989783, 0.388904, 0.920839, -0.0284319, -0.0802095, 0.0645873, 0.994683, -5.52274e-05, 0.0352348, 2.47289e-07 )
bones/37/enabled = true
bones/37/bound_children = [  ]
bones/38/name = "RightHandThumb3"
bones/38/parent = 37
bones/38/rest = Transform( 0.959102, 0.246468, 0.1392, -0.260231, 0.961245, 0.0910339, -0.111368, -0.123535, 0.986071, 0.00199367, 0.0316208, 2.86381e-07 )
bones/38/enabled = true
bones/38/bound_children = [  ]
bones/39/name = "RightHandThumb4"
bones/39/parent = 38
bones/39/rest = Transform( 1, -1.78441e-06, 1.56462e-07, 1.78441e-06, 1, 3.39002e-07, -1.56463e-07, -3.39001e-07, 1, -0.0019367, 0.0237068, 1.3412e-05 )
bones/39/enabled = true
bones/39/bound_children = [  ]
bones/40/name = "RightHandIndex1"
bones/40/parent = 35
bones/40/rest = Transform( 0.99788, -0.0648528, 0.00538053, 0.0336062, 0.442755, -0.896012, 0.0557267, 0.894294, 0.443996, 0.0269402, 0.096215, -0.000581422 )
bones/40/enabled = true
bones/40/bound_children = [  ]
bones/41/name = "RightHandIndex2"
bones/41/parent = 40
bones/41/rest = Transform( 0.995548, -0.0778314, 0.053169, 0.0862909, 0.525584, -0.846354, 0.0379282, 0.847174, 0.52996, -2.85935e-05, 0.0234993, 8.9331e-08 )
bones/41/enabled = true
bones/41/bound_children = [  ]
bones/42/name = "RightHandIndex3"
bones/42/parent = 41
bones/42/rest = Transform( 0.998667, -0.0433548, 0.0279952, 0.0445083, 0.448971, -0.892437, 0.0261224, 0.892494, 0.450303, -3.77093e-05, 0.0224746, 7.56636e-09 )
bones/42/enabled = true
bones/42/bound_children = [  ]
bones/43/name = "RightHandIndex4"
bones/43/parent = 42
bones/43/rest = Transform( 1, -1.15484e-07, -1.04774e-07, 1.15484e-07, 1, 5.32775e-07, 1.04774e-07, -5.32775e-07, 1, 6.60736e-05, 0.0204041, -6.10902e-06 )
bones/43/enabled = true
bones/43/bound_children = [  ]
bones/44/name = "RightHandMiddle1"
bones/44/parent = 35
bones/44/rest = Transform( 0.982456, -0.110158, 0.150487, 0.181176, 0.372369, -0.910229, 0.0442327, 0.921524, 0.385794, 0.00890394, 0.0974673, -0.000248445 )
bones/44/enabled = true
bones/44/bound_children = [  ]
bones/45/name = "RightHandMiddle2"
bones/45/parent = 44
bones/45/rest = Transform( 0.994713, -0.0817438, 0.0621634, 0.0889382, 0.383063, -0.919431, 0.0513453, 0.920098, 0.388307, -8.49843e-06, 0.0285354, -2.03781e-08 )
bones/45/enabled = true
bones/45/bound_children = [  ]
bones/46/name = "RightHandMiddle3"
bones/46/parent = 45
bones/46/rest = Transform( 0.996619, -0.071768, 0.0399898, 0.0735091, 0.561569, -0.824158, 0.0366911, 0.824311, 0.564947, 8.32858e-06, 0.0259504, -7.2627e-08 )
bones/46/enabled = true
bones/46/bound_children = [  ]
bones/47/name = "RightHandMiddle4"
bones/47/parent = 46
bones/47/rest = Transform( 1, 1.94996e-09, 1.35624e-08, -1.94996e-09, 1, 2.97732e-08, -1.35624e-08, -2.97732e-08, 1, -5.70435e-08, 0.0245703, -4.06599e-06 )
bones/47/enabled = true
bones/47/bound_children = [  ]
bones/48/name = "RightHandRing1"
bones/48/parent = 35
bones/48/rest = Transform( 0.966649, -0.118954, 0.226803, 0.239204, 0.102983, -0.965493, 0.0914919, 0.987545, 0.128003, -0.00995139, 0.0920506, -0.000676363 )
bones/48/enabled = true
bones/48/bound_children = [  ]
bones/49/name = "RightHandRing2"
bones/49/parent = 48
bones/49/rest = Transform( 0.994503, -0.0903934, 0.0528359, 0.0762442, 0.27937, -0.957152, 0.0717594, 0.955919, 0.284727, 7.35931e-06, 0.0243129, -3.30618e-08 )
bones/49/enabled = true
bones/49/bound_children = [  ]
bones/50/name = "RightHandRing3"
bones/50/parent = 49
bones/50/rest = Transform( 0.99868, -0.041634, 0.0300821, 0.0511242, 0.749102, -0.660479, 0.0049638, 0.661145, 0.750242, 2.06064e-05, 0.0227627, 1.16433e-07 )
bones/50/enabled = true
bones/50/bound_children = [  ]
bones/51/name = "RightHandRing4"
bones/51/parent = 50
bones/51/rest = Transform( 1, 9.31354e-09, -8.14907e-08, -9.31306e-09, 1, 5.81611e-06, 8.14907e-08, -5.81611e-06, 1, -2.8098e-05, 0.0201958, 1.74651e-05 )
bones/51/enabled = true
bones/51/bound_children = [  ]
bones/52/name = "RightHandPinky1"
bones/52/parent = 35
bones/52/rest = Transform( 0.95266, -0.135358, 0.272244, 0.293336, 0.173726, -0.940092, 0.0799534, 0.975447, 0.205208, -0.0258932, 0.0764468, 0.00070551 )
bones/52/enabled = true
bones/52/bound_children = [  ]
bones/53/name = "RightHandPinky2"
bones/53/parent = 52
bones/53/rest = Transform( 0.994959, -0.0683782, 0.0733581, 0.0668842, -0.0925878, -0.993456, 0.0747228, 0.993354, -0.0875477, -1.51917e-05, 0.0232056, 2.8522e-07 )
bones/53/enabled = true
bones/53/bound_children = [  ]
bones/54/name = "RightHandPinky3"
bones/54/parent = 53
bones/54/rest = Transform( 0.999093, -0.0184261, 0.0383869, 0.0394311, 0.740619, -0.670768, -0.0160704, 0.671673, 0.740674, 1.72202e-05, 0.0191871, 3.42222e-07 )
bones/54/enabled = true
bones/54/bound_children = [  ]
bones/55/name = "RightHandPinky4"
bones/55/parent = 54
bones/55/rest = Transform( 1, 2.71655e-07, -8.39365e-08, -2.71656e-07, 1, -6.59248e-06, 8.39347e-08, 6.59248e-06, 1, -7.00353e-07, 0.0178641, 9.03214e-06 )
bones/55/enabled = true
bones/55/bound_children = [  ]
bones/56/name = "LeftUpLeg"
bones/56/parent = 1
bones/56/rest = Transform( -0.97497, 0.189746, -0.1159, -0.201497, -0.533652, 0.82135, 0.0939982, 0.824144, 0.558526, 0.0741877, -0.0453174, 0.000433771 )
bones/56/enabled = true
bones/56/bound_children = [  ]
bones/57/name = "LeftLeg"
bones/57/parent = 56
bones/57/rest = Transform( 0.999723, 0.00168205, 0.0234808, -0.015795, -0.691673, 0.722038, 0.0174555, -0.722209, -0.691454, 2.53294e-09, 0.460006, 7.68097e-11 )
bones/57/enabled = true
bones/57/bound_children = [  ]
bones/58/name = "LeftFoot"
bones/58/parent = 57
bones/58/rest = Transform( 0.999177, 0.0357065, -0.0192582, -0.0380511, 0.660218, -0.75011, -0.0140692, 0.750225, 0.661033, 4.93938e-09, 0.450065, -8.56459e-09 )
bones/58/enabled = true
bones/58/bound_children = [  ]
bones/59/name = "LeftToeBase"
bones/59/parent = 58
bones/59/rest = Transform( 0.99955, -0.0160373, -0.0253377, 8.93138e-07, 0.844984, -0.534791, 0.0299866, 0.534551, 0.844604, -1.15866e-08, 0.125569, 1.69939e-07 )
bones/59/enabled = true
bones/59/bound_children = [  ]
bones/60/name = "LeftToe_End"
bones/60/parent = 59
bones/60/rest = Transform( 1, 4.59229e-07, 4.53001e-08, -4.59229e-07, 1, -1.88284e-08, -4.53001e-08, 1.88283e-08, 1, -6.28825e-09, 0.0480475, 1.50758e-08 )
bones/60/enabled = true
bones/60/bound_children = [  ]
bones/61/name = "RightUpLeg"
bones/61/parent = 1
bones/61/rest = Transform( -0.968225, 0.232451, -0.0922491, -0.25008, -0.902599, 0.350393, -0.00181482, 0.362328, 0.93205, -0.0741875, -0.0453178, 0.0033807 )
bones/61/enabled = true
bones/61/bound_children = [  ]
bones/62/name = "RightLeg"
bones/62/parent = 61
bones/62/rest = Transform( 0.997372, 0.066922, -0.0277627, -0.0280453, 0.709916, 0.703728, 0.0668041, -0.7011, 0.709927, 7.8099e-09, 0.459996, -2.58927e-09 )
bones/62/enabled = true
bones/62/bound_children = [  ]
bones/63/name = "RightFoot"
bones/63/parent = 62
bones/63/rest = Transform( 0.996582, 0.00913489, -0.0821093, -0.0821836, 0.00807977, -0.996585, -0.00844026, 0.999926, 0.00880289, 2.04474e-09, 0.450476, 3.74461e-09 )
bones/63/enabled = true
bones/63/bound_children = [  ]
bones/64/name = "RightToeBase"
bones/64/parent = 63
bones/64/rest = Transform( 0.999607, 0.0158676, 0.0231216, 7.01845e-06, 0.824374, -0.566045, -0.0280426, 0.565822, 0.82405, -1.89203e-08, 0.129161, -3.87358e-08 )
bones/64/enabled = true
bones/64/bound_children = [  ]
bones/65/name = "RightToe_End"
bones/65/parent = 64
bones/65/rest = Transform( 1, 2.20461e-09, -5.66652e-08, -2.20462e-09, 1, -6.13891e-08, 5.66652e-08, 6.13891e-08, 1, -7.39237e-09, 0.0477769, -2.32831e-10 )
bones/65/enabled = true
bones/65/bound_children = [  ]

[node name="Character_Mesh011_default001" type="MeshInstance" parent="Armature/Skeleton"]
transform = Transform( 1, 0, 0, 0, -4.37114e-08, 1, 0, -1, -4.37114e-08, 0, 0, 0 )
mesh = ExtResource( 1 )
skeleton = NodePath(".")
material/0 = null
material/1 = null
material/2 = null
material/3 = null
material/4 = null
material/5 = null
material/6 = null
material/7 = null
material/8 = null
material/9 = null

[node name="AnimationTree" type="AnimationTree" parent="."]
tree_root = SubResource( 13 )
anim_player = NodePath("../AnimationPlayer")
active = true
root_motion_track = NodePath("Armature/Skeleton:Hips")
parameters/Combined/add_amount = 0.5
parameters/run/blend_position = 0.0
parameters/strafe/blend_position = 0.0

[node name="AnimationPlayer" parent="." instance=ExtResource( 3 )]
playback_speed = 0.2
